0.00 1.00
0.04 1.04
0.08 1.09
0.12 1.14
0.16 1.19
0.20 1.25
0.24 1.32
0.28 1.39
0.32 1.47
0.36 1.56
0.40 1.67
0.44 1.79
0.48 1.92
0.52 2.08
0.56 2.27
0.60 2.50
0.64 2.78
0.68 3.13
0.72 3.57
0.76 4.17
0.80 5.00
0.84 6.25
0.88 8.33
0.92 12.50
0.96 25.00
1.00 -5925788983382251.00
1.04 -25.00
1.08 -12.50
1.12 -8.33
1.16 -6.25
1.20 -5.00
1.24 -4.17
1.28 -3.57
1.32 -3.12
1.36 -2.78
1.40 -2.50
1.44 -2.27
1.48 -2.08
1.52 -1.92
1.56 -1.79
1.60 -1.67
1.64 -1.56
1.68 -1.47
1.72 -1.39
1.76 -1.32
1.80 -1.25
1.84 -1.19
1.88 -1.14
1.92 -1.09
1.96 -1.04
