0 0 1
0 0.1 0.995004
0 0.2 0.980067
0 0.3 0.955336
0 0.5 0.877583
0 0.7 0.764842
0 1 0.540302
0 1.5 0.0707372
0 2 -0.416147
0 2.5 -0.801144
0 3.14159 -1
 
0.1 0 0.995004
0.1 0.1 0.990033
0.1 0.2 0.97517
0.1 0.3 0.950564
0.1 0.5 0.873198
0.1 0.7 0.761021
0.1 1 0.537603
0.1 1.5 0.0703838
0.1 2 -0.414068
0.1 2.5 -0.797141
0.1 3.14159 -0.995004
 
0.2 0 0.980067
0.2 0.1 0.97517
0.2 0.2 0.96053
0.2 0.3 0.936293
0.2 0.5 0.860089
0.2 0.7 0.749596
0.2 1 0.529532
0.2 1.5 0.0693272
0.2 2 -0.407852
0.2 2.5 -0.785174
0.2 3.14159 -0.980067
 
0.3 0 0.955336
0.3 0.1 0.950564
0.3 0.2 0.936293
0.3 0.3 0.912668
0.3 0.5 0.838387
0.3 0.7 0.730682
0.3 1 0.516171
0.3 1.5 0.0675778
0.3 2 -0.39756
0.3 2.5 -0.765362
0.3 3.14159 -0.955336
 
0.5 0 0.877583
0.5 0.1 0.873198
0.5 0.2 0.860089
0.5 0.3 0.838387
0.5 0.5 0.770151
0.5 0.7 0.671212
0.5 1 0.47416
0.5 1.5 0.0620777
0.5 2 -0.365203
0.5 2.5 -0.70307
0.5 3.14159 -0.877583
 
0.7 0 0.764842
0.7 0.1 0.761021
0.7 0.2 0.749596
0.7 0.3 0.730682
0.7 0.5 0.671212
0.7 0.7 0.584984
0.7 1 0.413246
0.7 1.5 0.0541028
0.7 2 -0.318287
0.7 2.5 -0.612748
0.7 3.14159 -0.764842
 
1 0 0.540302
1 0.1 0.537603
1 0.2 0.529532
1 0.3 0.516171
1 0.5 0.47416
1 0.7 0.413246
1 1 0.291927
1 1.5 0.0382195
1 2 -0.224845
1 2.5 -0.43286
1 3.14159 -0.540302
 
1.5 0 0.0707372
1.5 0.1 0.0703838
1.5 0.2 0.0693272
1.5 0.3 0.0675778
1.5 0.5 0.0620777
1.5 0.7 0.0541028
1.5 1 0.0382195
1.5 1.5 0.00500375
1.5 2 -0.0294371
1.5 2.5 -0.0566707
1.5 3.14159 -0.0707372
 
2 0 -0.416147
2 0.1 -0.414068
2 0.2 -0.407852
2 0.3 -0.39756
2 0.5 -0.365203
2 0.7 -0.318287
2 1 -0.224845
2 1.5 -0.0294371
2 2 0.173178
2 2.5 0.333393
2 3.14159 0.416147
 
2.5 0 -0.801144
2.5 0.1 -0.797141
2.5 0.2 -0.785174
2.5 0.3 -0.765362
2.5 0.5 -0.70307
2.5 0.7 -0.612748
2.5 1 -0.43286
2.5 1.5 -0.0566707
2.5 2 0.333393
2.5 2.5 0.641831
2.5 3.14159 0.801144
 
3.14159 0 -1
3.14159 0.1 -0.995004
3.14159 0.2 -0.980067
3.14159 0.3 -0.955336
3.14159 0.5 -0.877583
3.14159 0.7 -0.764842
3.14159 1 -0.540302
3.14159 1.5 -0.0707372
3.14159 2 0.416147
3.14159 2.5 0.801144
3.14159 3.14159 1
 
